71.3363023120672 -18.0988809649291
70.3841547664037 -18.4075176434535
69.4206174868127 -18.6786116541047
68.4470142449589 -18.9117230426588
67.4651640625406 -19.106382537673
66.4764193909751 -19.2623160538441
65.4821563377696 -19.379294944617
64.4841802223412 -19.4571116767293
63.4839502119937 -19.4956742162139
62.4828351048945 -19.4949389561311
61.4825996280313 -19.4549191463324
60.484660692106 -19.3756870907437
59.4907377215725 -19.2573947996621
58.5020350422355 -19.1001878331089
57.5203515306043 -18.9043462008492
56.5470167010755 -18.6701292967588
55.5838204132205 -18.3979639562319
54.6318140180524 -18.0881302621101
53.6928634883081 -17.7412139448383
52.768367487573 -17.3577331431476
51.859359987155 -16.9380906117662
50.9677287485047 -16.4831443972442
50.0947060748419 -15.9935457242995
49.2413824603721 -15.4699151273466
48.4094120658088 -14.9133067395071
47.599860160588 -14.3245146950074
46.8139548954395 -13.7044781872094
46.0529309337454 -13.0540901853318
45.3180764065011 -12.3743816638975
44.6105572227025 -11.66639920045
43.9312779899143 -10.9310181337524
43.2814243891312 -10.1695024868586
42.6620448760409 -9.38310009740738
42.0740771095404 -8.5730397152876
41.5183226141131 -7.74045549093571
40.9956624384687 -6.88668952255353
40.5069003962002 -6.0130840755887
40.0527769649818 -5.12098855387902
39.6339857717233 -4.21178245096191
39.2511385791936 -3.28678724565495
38.9049214795619 -2.34766478666365
38.595726860361 -1.39543648853155
38.3241782404942 -0.43195407122145
38.0906624319142 0.541440048784084
37.8955594805701 1.52323100039597
37.7391728947674 2.51198079517617
37.6217745216037 3.5060232792888
37.5435246260995 4.50403028058666
37.5045491469742 5.50435911908879
37.5048817421927 6.50541035975164
37.5441357971919 7.5
36.5373764639483 7.5
35.5363111387262 7.5
34.5352339041473 7.5
33.5341560193392 7.5
32.5330082824127 7.5
31.5319711075567 7.5
30.530824226921 7.5
29.5297067257997 7.5
28.5286825439741 7.5
27.5275506291401 7.5
26.5264576936575 7.5
25.5253909132465 7.5
24.5242898661746 7.5
23.5231469098201 7.5
22.5220959835085 7.5
21.5209623572801 7.50000000000001
20.5199017954964 7.50000000000001
19.5187818332312 7.50000000000001
18.5177118041938 7.50000000000001
17.5166207282944 7.50000000000001
16.5155194664733 7.50000000000001
15.5144223864579 7.50000000000001
14.513280341393 7.50000000000002
13.5122154855765 7.50000000000002
12.5110847928745 7.50000000000002
11.5100069658811 7.50000000000002
10.5089386805283 7.50000000000002
9.50783951268461 7.50000000000002
8.50675035300129 7.50000000000002
7.50561511872803 7.50000000000002
6.50455135376606 7.50000000000002
5.50344316395184 7.50000000000002
4.5023349056495 7.50000000000002
3.50127301997686 7.50000000000003
2.50012976823549 7.50000000000003
1.49906853919384 7.50000000000003
0.497959219147443 7.50000000000003
-0.503105839406225 7.50000000000003
-1.50423762960263 7.50000000000003
-2.50534806312234 7.50000000000003
-3.50643409900789 7.50000000000003
-4.50746732400293 7.50000000000003
-5.50857926667317 7.50000000000003
-6.50967819033408 7.50000000000003
-7.51079391490042 7.50000000000003
-8.51190352874411 7.50000000000003
-9.51297721221089 7.50000000000003
-10.5140872648118 7.50000000000003
-11.51515715062 7.50000000000003
-12.516295763424 7.50000000000003
-13.517383108154 7.50000000000003
-14.5184382963549 7.50000000000004
-15.5195690130009 7.50000000000004
-16.5206787199523 7.50000000000004
-17.5217590720675 7.50000000000004
-18.5228368071937 7.50000000000004
-19.5239160079652 7.50000000000004
-20.5249980377489 7.50000000000004
-21.5261382455168 7.50000000000005
-22.5272384727048 7.50000000000004
-23.5283027233404 7.50000000000004
-23.6316367892926 6.54142274542512
-23.7187108617149 5.5441204875995
-23.8277035957017 4.54898451059316
-23.9585594079536 3.55650632018156
-24.1112209699217 2.56712566602552
-24.2856111994456 1.58135652761924
-24.481642903637 0.59970064772304
-24.6992283742009 -0.377434297976356
-24.9382578898798 -1.34958411021979
-25.1986001686601 -2.31618975787401
-25.480163305241 -3.27688886451999
-25.7827921172603 -4.23113379774997
-26.1063350168023 -5.17844500227953
-26.4506567719496 -6.11842420588832
-26.8155996117305 -7.05063413739596
-27.2009644880383 -7.97456742929807
-27.6065497280892 -8.88976883808217
-28.0321642377786 -9.79587986166968
-28.4775879479392 -10.6924112447364
-28.9426078214316 -11.5789137731914
-29.4270275198973 -12.4549966266692
-29.9305987017126 -13.320198767505
-30.4530650057829 -14.1740763289466
-30.9942335166637 -15.0163084332742
-31.5537815400963 -15.8463899662066
-32.1314659738656 -16.6639628461155
-32.7270084962043 -17.4686336746644
-33.3401201147132 -18.2600130438004
-33.9704625167729 -19.0376691289123
-34.6177931577867 -19.8013055131549
-35.2817664193195 -20.5505144086139
-35.962052823633 -21.2849266100016
-36.6583248728714 -22.0041908678156
-37.3702684958874 -22.7079826512341
-38.0974909164708 -23.3959145695692
-38.8396736268136 -24.0676865029567
-39.5964857275842 -24.7229958384982
-40.3674997308169 -25.3614708888529
-41.1524066697148 -25.9828539099285
-41.9507621565958 -26.5867910686835
-42.7622563747771 -27.173045496158
-43.5864255956767 -27.7412796482732
-44.4229082414046 -28.2912438883378
-45.2712712186215 -28.822653333858
-46.1311530490445 -29.335281416643
-47.0020654023539 -29.8288390714336
-47.883667970137 -30.3031365788382
-48.7754838454626 -30.7579208861725
-49.6770879322359 -31.1929826126582
-50.588036067233 -31.6081171585388
-51.5078727274812 -32.0031283953007
-52.4361660125244 -32.3778244364736
-53.3725040624677 -32.7320263047974
-54.3163685407012 -33.0655302631751
-55.2673521327214 -33.3781879122091
-56.2249878657441 -33.6698417723755
-57.1888288498612 -33.9403531450178
-58.1584113722343 -34.1895899352403
-59.133218202575 -34.4174198237579
-60.1127796017483 -34.6237359345981
-61.0966568054789 -34.8084478749447
-62.0843737010849 -34.9714672679836
-63.0754712237473 -35.1127187396211
-64.0693777199709 -35.2321235342655
-65.0656978108592 -35.3296368121782
-66.0639067769006 -35.4052080671991
-67.0635575222972 -35.4588040967854
-68.0641342326585 -35.4903972954019
-69.0651577271266 -35.4999730012778
-70.0661533085523 -35.4875261966674
-71.0666523464835 -35.4530609775803
-72.066098400596 -35.3965963093071
-73.0640969314949 -35.3181534834323
-74.060146885549 -35.2177684176013
-75.0537130792199 -35.0954940005803
-76.0443620171393 -34.951382966185
-77.0315969391488 -34.7855064185012
-78.0149261800691 -34.5979475777368
-78.993922054536 -34.3887884563059
-79.9680897741854 -34.1581355753319
-80.9369035450016 -33.9061185363435
-81.8999678386746 -33.6328467654476
-82.8567625852468 -33.3384762386262
-83.8068980111149 -33.0231349453445
-84.7498396081875 -32.6869929841199
-85.6851888837479 -32.3301840507191
-86.612440730376 -31.9528946837544
-87.53115584057 -31.5553007951228
-88.440907374083 -31.137584626117
-89.3412728614108 -30.6999373693372
-90.2317610911379 -30.2425974052833
-91.1119684645952 -29.7657734652692
-91.9814852870852 -29.2696875707904
-92.8398762623591 -28.7545883220594
-93.6867075618672 -28.2207378598331
-94.5216227316342 -27.6683610406489
-95.3441465009791 -27.0977731214753
-96.1539308590738 -26.5092170643772
-96.9505808231104 -25.9029788112893
-97.7336979773582 -25.2793607717448
-98.5028827073535 -24.6386817716662
-99.2577835204444 -23.9812348418387
-99.9980612314462 -23.3073126170866
-100.723329341637 -22.6172639954338
-101.433211875437 -21.9114469569859
-102.127413018143 -21.1901546120927
-102.805573129795 -20.4537584644962
-103.467345687346 -19.7026364124002
-104.112440132602 -18.9371204081872
-104.740530494071 -18.1576001859495
-105.351308864946 -17.3644649486209
-105.944507310943 -16.5580712226415
-106.519830345379 -15.7388352044118
-107.077034598058 -14.9071383259474
-107.615815521465 -14.0634207348345
-108.135920394979 -13.2080565739909
-108.637075872872 -12.3414782297457
-109.119060262164 -11.4640544930028
-109.581614431099 -10.5762457258981
-110.024508731944 -9.67848851371874
-110.44753756166 -8.77119761398841
-110.850502253845 -7.85479679507263
-111.233198734619 -6.92975040100615
-111.595435466977 -5.99652712639226
-111.937056662259 -5.05553286320765
-112.257886147233 -4.10725680546378
-112.557772224255 -3.15215468764565
-112.836572554843 -2.19068635622557
-113.094151823215 -1.22332495295639
-113.330393103214 -0.250512617768546
-113.545173813284 0.727243044610081
-113.738392904229 1.7094766937801
-113.909963880237 2.69575381367812
-114.059793473419 3.68554459953655
-114.187815127605 4.67841852191378
-114.293958422487 5.67384154466963
-114.378173614409 6.67135418823749
-114.440419961681 7.67050505973836
-114.480662790951 8.67077819331982
-114.498881307529 9.67167305902885
-114.495066730602 10.6727266206503
-114.469219959137 11.6734707217265
-114.421353780992 12.6734087963097
-114.351493180742 13.6720548088814
-114.259677822051 14.6689016801715
-114.145956300286 15.6634893099191
-114.010389936437 16.6553469251939
-113.853057114287 17.6439778386945
-113.674041520866 18.6289186280495
-113.473418705822 19.6096910086292
-113.25127713724 20.5858131865738
-113.007717206251 21.5568142767272
-112.742859024224 22.5221992606593
-112.456813840235 23.4815504690105
-112.149730948229 24.4343596761439
-111.821757997524 25.3801695298196
-111.473038707831 26.3185637697761
-111.103765914103 27.2490254774144
-110.714098496708 28.1711579501842
-110.304241796731 29.0844776451276
-109.87438501867 29.9885663848099
-109.424741485502 30.8829772891173
-108.955534329332 31.7672691757309
-108.46697540858 32.6410430249469
-107.959310282691 33.5038582988438
-107.432803248662 34.3552673512653
-106.887676005929 35.1949108044607
-106.324206718433 36.0223568037706
-105.742672007463 36.8371976218057
-105.143346985424 37.6390460192783
-104.526518436393 38.4275158962171
-103.892489753148 39.2022176825628
-103.241576398089 39.9627659760569
-102.574074612735 40.7088147922797
-101.890311310832 41.439998970164
-101.190623677504 42.1559603772001
-100.475355065857 42.8563525335137
-99.7448609841597 43.5408349581276
-98.9994926375605 44.2090887162113
-98.2396104562004 44.8608029899454
-97.4655847540157 45.4956692658637
-96.6777966401186 46.1133601784939
-95.8766199069251 46.7135722585158
-95.0624214131419 47.2960228882235
-94.2356137856345 47.8604116730492
-93.3965834478205 48.4064719680917
-92.5457547050529 48.9339265354227
-91.6834985688049 49.4425444216886
-90.8102726171056 49.9320555415585
-89.9264784517004 50.4022359501845
-89.0325702187058 50.8528456615175
-88.1289451676122 51.283685705441
-87.2160600336025 51.6945388105175
-86.2943558567711 52.0852074906739
-85.364287704839 52.455499850916
-84.4263083651279 52.8052366568955
-83.4808437444403 53.1342587745697
-82.5283587492708 53.4424029425094
-81.5693553307279 53.7295067279544
-80.6042423488209 53.9954468897236
-79.6335257079979 54.240082409547
-78.6576424780858 54.4633016932001
-77.6770963025298 54.6649881277424
-76.6923602517486 54.8450442799647
-75.7038789283889 55.0033880248094
-74.7121533447076 55.1399386238475
-73.7176779426763 55.2546296728736
-72.7209039426655 55.3474114528371
-71.7223446788052 55.4182399849825
-70.7224631461945 55.4670883593268
-69.7217539937568 55.4939499887206
-68.720679920133 55.4988278674611
-67.719759088063 55.4817068706873
-66.7194468908854 55.4425844862661
-65.7202399112167 55.3814717886419
-64.7226196823439 55.2983923569263
-63.7270795410028 55.1933834739979
-62.734070927593 55.06648976483
-61.7440936237159 54.9177729042998
-60.7576498274695 54.7473084788514
-59.7751915596672 54.5551753442037
-58.7971790536481 54.3414633124807
-57.824135271944 54.1062879113077
-56.8564752572597 53.8497505716792
-55.8947033139915 53.5719853577897
-54.9392839559158 53.2731278570674
-53.9906745109141 52.9533220808302
-53.0493137386777 52.6127156346024
-52.1156960447666 52.2514873957623
-51.1902280400546 51.8697940248259
-50.273419170154 51.4678452390921
-49.3656362642235 51.0458005184832
-48.467386774911 50.6038938550578
-47.5790671022766 50.1423193857442
-46.7011243313431 49.6613077069518
-45.8339886887868 49.1610940094972
-44.9780681860454 48.6419133555994
-44.1337732238168 48.1040144729656
-43.3015464667807 47.547681727427
-42.4817321288908 46.9731479773649
-41.6747746605415 46.3807290157507
-40.8810360795199 45.7706985113293
-40.100911749705 45.1433706805393
-39.3347549964847 44.4990433717536
-38.5829340569603 43.8380435149025
-37.8458059443386 43.1607006276072
-37.1237356376907 42.4673305198802
-36.4170752077599 41.7582456774617
-35.726191699583 41.033794485257
-35.0514178614364 40.2943112345248
-34.3930893025965 39.5401531830534
-33.7515266568431 38.771681273641
-33.1270503013618 37.9892770250478
-32.5199406971265 37.1932915156854
-31.9305219745572 36.3841529023658
-31.3590444021173 35.5622098778248
-30.8058070058466 34.7278986349533
-30.2710718641555 33.8816241428352
-29.755072382645 33.0237635765931
-29.2580781576968 32.1547733596788
-28.7803203354662 31.2750678762469
-28.3220177046277 30.385057422506
-27.8833991849075 29.4851927803802
-27.4646672228293 28.5758939075115
-27.0660292873959 27.6576132486871
-26.6876809065512 26.7308019868613
-26.329795372044 25.7958801365305
-25.9925521348012 24.8533060373332
-25.6761302691643 23.9035695604904
-25.3806716341308 22.947079460862
-25.1063384919169 21.9843374442186
-24.8532607293491 21.0157699989917
-24.621577423042 20.0418719750876
-24.4114089937433 19.0631079728661
-24.2228696455688 18.0799611776076
-24.0560582541415 17.0928885987467
-23.5650857592765 16.4999999999505
-22.5639879451421 16.4999999999506
-21.5628902537227 16.4999999999508
-20.5618039575742 16.499999999951
-19.5607069581331 16.4999999999513
-18.5596047297368 16.4999999999516
-17.5585159663101 16.4999999999521
-16.5574186340839 16.4999999999525
-15.5563225843472 16.499999999953
-14.5552294370707 16.4999999999536
-13.5541355842214 16.4999999999542
-12.5530351497489 16.4999999999549
-11.5519478478987 16.4999999999556
-10.5508460421954 16.4999999999564
-9.54975830491952 16.4999999999572
-8.54866155296561 16.499999999958
-7.54757033660647 16.4999999999589
-6.54646935987557 16.4999999999598
-5.54537598729118 16.4999999999607
-4.54427664734625 16.4999999999617
-3.54319851659413 16.4999999999627
-2.54208661704902 16.4999999999637
-1.54100061764415 16.4999999999648
-0.539911410869979 16.4999999999658
0.46118545714315 16.4999999999669
1.4622833573825 16.499999999968
2.463375480253 16.4999999999691
3.46448088108632 16.4999999999703
4.46557849645874 16.4999999999714
5.46666790888873 16.4999999999725
6.46776988815737 16.4999999999737
7.46886094502578 16.4999999999748
8.46995556351632 16.499999999976
9.47105231912362 16.4999999999771
10.4721441408711 16.4999999999783
11.4732374956542 16.4999999999794
12.4743367899737 16.4999999999806
13.4754268753263 16.4999999999817
14.4765165138357 16.4999999999828
15.4776177162399 16.4999999999839
16.4787094012034 16.499999999985
17.4798112145079 16.499999999986
18.4809005773164 16.4999999999871
19.4819878437683 16.4999999999881
20.4830967632704 16.4999999999891
21.4841897202946 16.49999999999
22.4852790497323 16.499999999991
23.48637188342 16.4999999999919
24.4874618266385 16.4999999999927
25.4885659245367 16.4999999999935
26.489654999581 16.4999999999943
27.4907558910203 16.4999999999951
28.4918535345672 16.4999999999958
29.4929350715495 16.4999999999964
30.4940392630821 16.499999999997
31.4951286126028 16.4999999999976
32.496222060254 16.4999999999981
33.4973220200837 16.4999999999986
34.498417764471 16.4999999999989
35.4995127356017 16.4999999999993
36.5006037263161 16.4999999999995
37.5017040640115 16.4999999999998
38.5027993321224 16.4999999999999
39.5038968048525 16.5
40.0777600976393 17.1724621222543
40.5338294582912 18.0635733980786
41.0245114466358 18.9360801530676
41.5490917827371 19.7886506647383
42.1067748362322 20.6199621741709
42.6966841631894 21.4287060119482
43.3179050385265 22.2136435640693
43.9694823000563 22.9735888209724
44.6503884163671 23.7073665729443
45.3595644970992 24.413858904967
46.0959147733414 25.0919923379134
46.8582892530261 25.7407204793574
47.6455130968488 26.3590503098844
48.4563817221667 26.9460345545355
49.2896563020449 27.5007677962448
50.1440487085398 28.0223790978609
51.0182475607617 28.5100519912617
51.9109228456352 28.9630266490282
52.8207094729298 29.380592601255
53.7461993912763 29.7620903191673
54.6859458850228 30.1069196220212
55.6385451014944 30.4145706176705
56.6024727632943 30.6845710048938
57.5762577344705 30.9165489135455
58.5583737907421 31.1102030455104
59.5473172460957 31.2652714348759
60.5415859554359 31.3814540863592
61.5396408215043 31.4585171533486
62.5399583131614 31.4963110829017
63.5409861892935 31.4947626147199
64.5411921642683 31.4538726212172
65.5389954915449 31.3737151369941
66.5328948845048 31.2544261464198
67.5213506387297 31.0962069916027
68.5028314925733 30.8993206265849
69.4758216791707 30.6640879297082
70.4388465610427 30.390877493865
71.3904278707165 30.080114147744
72.3290844197693 29.7322820418991
73.2533792317276 29.3479084412578
74.1618824200877 28.9275765492193
75.053189524634 28.4719200963532
75.9259333891463 27.9816176456808
76.7787380868686 27.4574215206308
77.6102849579029 26.9001251117132
78.4192951809159 26.3105730803787
79.2045031414169 25.6896865070629
79.9647162750806 25.0384236875459
80.698769327768 24.3578207765025
81.4055818802773 23.648946856188
82.0840909036593 22.9129632938947
82.7332654765119 22.1509659364102
83.352049343541 21.3640961447545
83.9394657295193 20.553528650983
84.4945753561456 19.720521827304
85.0165243629196 18.8663448035891
85.5045152502524 17.9923074975079
85.9577909125381 17.0997878441524
86.3756789226726 16.1901418216323
86.7575366654598 15.264805569543
87.10279107597 14.3252098715841
87.4109306528615 13.3727794649947
87.6814806851124 12.4090027353502
87.9140278494166 11.4353609725625
88.1082132655919 10.4533402731416
88.2637272056179 9.46446102344511
88.3803180468058 8.47024330058973
88.4577907597255 7.47222462615554
88.4960116935026 6.47191513011593
88.4949064142122 5.47088433213428
88.454468336748 4.4706713913266
88.3747595990248 3.47282072339565
88.2559148196612 2.47887068846103
88.098146042213 1.49035813984342
87.9017403220327 0.508779690322471
87.6670635752143 -0.464358720005852
87.3944564217232 -1.42755859119574
87.0842754283729 -2.37931869887682
86.7369553959096 -3.31816611495371
86.3530153412377 -4.242631837767
85.9330328260906 -5.1513048374616
85.4776677748619 -6.0427660117218
84.9876346447104 -6.91564448210417
84.4636920884799 -7.76862110718238
83.9066833100464 -8.60035779146045
83.3174634985432 -9.40960891274154
82.6969614702051 -10.1951218638732
82.0461261156531 -10.9557096466196
81.365976938813 -11.690186196465
80.6575478562452 -12.3974321639965
79.9219272517225 -13.0763493914353
79.160242709498 -13.7258802930295
78.3736564435445 -14.3450131412485
77.5633537144092 -14.9327913964569
76.7305873945287 -15.4882840962646
75.876638853773 -16.0106208551746
75.002827233154 -16.4989882847066
74.1104928290303 -16.9526425711194
73.2010292440637 -17.3708965076595
72.275849821798 -17.7531419030381
