-219.5 78
-219.469674860214 78.9994698436393
-219.378905075774 79.9952800782857
-219.228005135993 80.98376904039
-219.017420293853 81.9612856368966
-218.748048380652 82.924258177859
-218.420891251966 83.8691663246227
-218.037022085119 84.7924879518197
-217.597931381125 85.6908660251161
-217.105295063101 86.5610338878329
-216.560811759952 87.3997343394898
-215.96648328984 88.2038832475237
-215.324597183937 88.9706050031782
-214.637456290657 89.697044364026
-213.907504561695 90.380457937797
-213.137527437916 91.0184375852189
-212.330358248594 91.608654506671
-211.488873229244 92.148822553268
-210.616206718119 92.6370189536747
-209.715606630695 93.0715297835498
-208.79032789942 93.4506593845948
-207.843759556347 93.7729863493905
-206.879425729705 94.0374520932861
-205.900847166021 94.243034418493
-204.911599647921 94.3888742566114
-203.915337629519 94.4745647855727
-202.91571688652 94.5
-201.915620734461 94.5
-200.91552804687 94.5
-199.915434436384 94.5
-198.915339687529 94.5
-197.915246287425 94.5
-196.915153621965 94.5
-195.915059823195 94.5
-194.914966412979 94.5
-193.914872670698 94.5
-192.914778842567 94.4999999999999
-191.914684970656 94.5
-190.914592577573 94.5
-189.914498040601 94.5
-188.914405376649 94.5
-187.91431142091 94.4999999999999
-186.914217160786 94.4999999999999
-185.914123939003 94.4999999999999
-184.914029921321 94.4999999999999
-183.913937070395 94.4999999999999
-182.913843748579 94.4999999999999
-181.91375035751 94.4999999999999
-180.913655965555 94.4999999999999
-179.913562522179 94.4999999999999
-178.91346915203 94.4999999999999
-177.91337522643 94.4999999999999
-176.913282073166 94.4999999999999
-175.913188784684 94.4999999999999
-174.913095253787 94.4999999999999
-173.913001628609 94.4999999999999
-172.912907848701 94.4999999999999
-171.91281436308 94.4999999999999
-170.912720665636 94.4999999999999
-169.912627214209 94.4999999999999
-168.912533022266 94.4999999999999
-167.912439758305 94.4999999999999
-166.912346321811 94.4999999999999
-165.912253051147 94.4999999999999
-164.912159665534 94.4999999999999
-163.912065424574 94.5
-162.911972262321 94.5
-161.911879152591 94.5
-160.911785519319 94.5
-159.911692601318 94.5
-158.911598440543 94.5
-157.911505078947 94.5
-156.9114111449 94.5
-155.911317388353 94.5
-154.911223345215 94.5
-153.91113117041 94.5
-152.911036162166 94.5
-151.910942601006 94.5
-150.910849725257 94.5
-149.910756468978 94.5
-148.910662932221 94.5
-147.910568996658 94.5
-146.910474872008 94.5
-145.910381929567 94.5
-144.910288223161 94.5
-143.910194576716 94.5
-142.910101026015 94.5
-141.910008154903 94.5
-140.909913734067 94.5
-139.909820473771 94.5
-138.909726377174 94.5
-137.909633909864 94.5
-136.909540245458 94.5
-135.909445806537 94.5
-134.90935284132 94.5
-133.909259097965 94.5
-132.909165501217 94.5
-131.909072238898 94.5
-130.908978468381 94.5
-129.908884419705 94.5
-128.908791214363 94.5
-127.908697574985 94.5
-126.908604262441 94.5
-125.908510300153 94.5
-124.908416593104 94.5
-123.908323201828 94.5
-122.908229858707 94.5
-121.908136412886 94.5
-120.908042617945 94.5
-119.907949496182 94.5
-118.907855277077 94.5
-117.90776215076 94.5
-116.907668574561 94.5
-115.907574932368 94.5
-114.907481118585 94.5
-113.907387802632 94.5
-112.907294179803 94.5
-111.907200431336 94.5
-110.907107225364 94.5
-109.907013229873 94.5
-108.906919889706 94.5
-107.906826929357 94.5
-106.906733263552 94.5
-105.906639816714 94.5
-104.906545558834 94.5
-103.906452156303 94.5
-102.906358297048 94.5
-101.906265214699 94.5
-100.90617154813 94.5
-99.9060784641729 94.5
-98.90598487854 94.5
-98.5 93.9058908501587
-98.5 92.9057971332445
-98.5 91.9057034210361
-98.5 90.9056098849857
-98.5 89.9055162927832
-98.5 88.9054232120479
-98.5 87.9053292048749
-98.5 86.9052360911057
-98.5 85.9051428382352
-98.5 84.9050486647536
-98.5 83.904955953903
-98.5 82.9048613624626
-98.5 81.904768543739
-98.5 80.9046752462567
-98.5 79.9045807761545
-98.5 78.9044879258331
-98.5 77.9043940021901
-98.5 76.9043001305742
-98.5 75.9042065015441
-98.5 74.9041137557029
-98.5 73.9040197384973
-98.5 72.9039266556435
-98.5 71.9038325026007
-98.5 70.9037392401258
-98.5 69.9036456564766
-98.5 68.9035521085814
-98.5 67.9034583008749
-98.5 66.9033647445025
-98.5 65.903271054877
-98.5 64.9031778031481
-98.5 63.9030845444107
-98.5 62.9029906034792
-98.5 61.9028968132776
-98.5 60.9028037271146
-98.5 59.9027096736819
-98.5 58.9026164322878
-98.5 57.9025230240642
-98.5 56.9024294405601
-98.5 55.9023358684187
-98.5 54.9022419617965
-98.5 53.90214874786
-98.5 52.9020549207494
-98.4999999999999 51.9019616178939
-98.4999999999999 50.9018676102786
-98.4999999999999 49.9017741484577
-98.5 48.9016809450432
-98.5 47.90158732888
-98.5 46.9014937487152
-98.5 45.9014002586307
-98.5 44.9013063011053
-98.5 43.9012128829483
-98.5 42.901119252045
-98.5 41.9010259976596
-98.5 40.9009322274869
-98.5 39.9008384372479
-98.5 38.9007454991654
-98.5 37.9006517745439
-98.5 36.9005580884198
-98.5 35.9004646249894
-98.5 34.9003707931925
-98.5 33.90027749902
-98.5 32.900184008255
-98.5 31.9000902766049
-98.5 30.8999966114379
-98.5 29.8999033318459
-98.5 28.8998097530635
-98.5 27.899715983031
-98.5 26.8996223254241
-98.5 25.8995287183596
-98.5 24.8994356646463
-98.5 23.8993415919486
-98.5 22.8992482278844
-98.5 21.8991545612975
-98.5 20.8990612305015
-98.5 19.8989673518184
-98.5 18.898873784082
-98.5 17.8987802591657
-98.5 16.8986867993749
-98.5 15.8985932842056
-98.5 14.8984999259378
-98.5 13.8984062081063
-98.5 12.8983124135038
-99.14808468612 12.5455383920289
-100.146744171509 12.4966346078217
-101.138878454675 12.3726088541621
-102.118831522417 12.1741077315528
-103.081029227002 11.902281126294
-104.020008682459 11.5587276844693
-104.930376182133 11.1452744508547
-105.807018999031 10.6644294691288
-106.644892686584 10.1188315041535
-107.439221472171 9.51157847000398
-108.185565319748 8.84623368683413
-108.879553653609 8.12644798122118
-109.517315696465 7.35640038083241
-110.095248844507 6.54049327586737
-110.609933491416 5.68328136033952
-111.05858963179 4.78973696412371
-111.438582133937 3.86490401384895
-111.7477213921 2.91403779979762
-111.984363904102 1.94258890476314
-112.147008199123 0.95605006897082
-112.234850745013 -0.0399407166278345
-112.247352402374 -1.03971784405062
-112.184391244287 -2.03759015853974
-112.046443971042 -3.0278845597632
-111.834145805818 -4.00494193829923
-111.548830160909 -4.9632264153415
-111.192082241656 -5.89727219912007
-110.765865191698 -6.80173500487322
-110.272746928892 -7.67153190496988
-109.715392357769 -8.50163240372718
-109.097037837633 -9.28734977476568
-108.421257993988 -10.0242583140701
-107.691767709729 -10.7080385563965
-106.9128361857 -11.33491971986
-106.08886845373 -11.9013007210071
-105.224501137134 -12.403876508086
-104.324739319938 -12.8399298757638
-103.394641948072 -13.2068488620945
-102.439526484415 -13.5025993313131
-101.464841812981 -13.7255375568718
-100.476112397557 -13.8742861979454
-99.4789859220329 -13.948127062462
-98.4999999999999 -13.9777235428709
-98.4999999999999 -14.9778168555775
-98.4999999999999 -15.977910245565
-98.4999999999999 -16.9780041972177
-98.4999999999999 -17.9780975978251
-98.4999999999999 -18.9781912692806
-98.5 -19.9782845198809
-98.5 -20.9783781933184
-98.5 -21.9784717198987
-98.5 -22.9785654895936
-98.5 -23.9786587824805
-98.5 -24.9787525766601
-98.5 -25.9788460788394
-98.9789395332336 -26.5
-99.979033112526 -26.5
-100.979126775139 -26.5
-101.979220242871 -26.5
-102.979313652297 -26.5
-103.979407373903 -26.5
-104.979501018918 -26.5
-105.979594615823 -26.5
-106.979688036718 -26.5
-107.979781699199 -26.5
-108.979875156817 -26.5
-109.979968626997 -26.5
-110.980062400137 -26.5
-111.980155870121 -26.5
-112.980249401871 -26.5
-113.9803429289 -26.5
-114.980436575824 -26.5
-115.980530075307 -26.5
-116.980623744325 -26.5
-117.980717114845 -26.5
-118.980810644272 -26.5
-119.980904335237 -26.5
-120.980997900248 -26.5
-121.981091271404 -26.5
-122.981185067759 -26.5
-123.981278516555 -26.5
-124.981372090747 -26.5
-125.98146576725 -26.5
-126.981559110335 -26.5
-127.98165270695 -26.5
-128.981746441753 -26.5
-129.981839877265 -26.5
-130.981933587782 -26.5
-131.982027106268 -26.5
-132.982120553171 -26.5
-133.982214212569 -26.5
-134.982307796194 -26.5
-135.982401299681 -26.5
-136.982494846592 -26.5
-137.982588209978 -26.5
-138.982681848823 -26.5
-139.982775453946 -26.5
-140.982868922567 -26.5
-141.98296264656 -26.5
-142.98305601946 -26.5
-143.983149416802 -26.5
-144.983242909208 -26.5
-145.983336407924 -26.5
-146.983430296772 -26.5
-147.98352354778 -26.5
-148.983617228551 -26.5
-149.983710881257 -26.5
-150.983804280402 -26.5
-151.983897966488 -26.5
-152.983991662491 -26.5
-153.984085210019 -26.5
-154.984178858553 -26.5
-155.984272484367 -26.5
-156.984365723101 -26.5
-157.984459375047 -26.5
-158.98455292737 -26.5
-159.984646662088 -26.5
-160.984739914457 -26.5
-161.984833682746 -26.5
-162.984927298726 -26.5
-163.985020692319 -26.5
-164.985114195638 -26.5
-165.985207761012 -26.5
-166.985301623995 -26.5
-167.985395106076 -26.5
-168.985488712092 -26.5
-169.985581976759 -26.5
-170.985675623296 -26.5
-171.985769185134 -26.5
-172.985862730044 -26.5
-173.985956239148 -26.5
-174.986049930223 -26.5
-175.986143359169 -26.5
-176.986236941703 -26.5
-177.986330742828 -26.5
-178.986424225195 -26.5
-179.986517607334 -26.5
-180.986611236512 -26.5
-181.986704856717 -26.5
-182.986798297395 -26.5
-183.98689207104 -26.5
-184.986985568852 -26.5
-185.987078884734 -26.5
-186.987172353394 -26.5
-187.987266011122 -26.5
-188.987359736879 -26.5
-189.987453204755 -26.5
-190.987546585521 -26.5
-191.987640242084 -26.5
-192.987733943055 -26.5
-193.987827344585 -26.5
-194.987921205305 -26.5
-195.988014559883 -26.5
-196.988108167423 -26.5
-197.988201667339 -26.5
-198.988295348276 -26.5
-199.98838879332 -26.5
-200.988482478447 -26.5
-201.988576102322 -26.5
-202.988669572548 -26.5
-203.988763123081 -26.5
-204.988856344549 -26.5
-205.988949916595 -26.5
-206.989043732312 -26.5
-207.989137158383 -26.5
-208.98923084062 -26.5
-209.989324354506 -26.5
-210.989418060765 -26.5
-211.989511562084 -26.5
-212.989605013167 -26.5
-213.989698648267 -26.5
-214.989792332712 -26.5
-215.989885856803 -26.5
-216.989979412832 -26.5
-217.990072845067 -26.5
-218.990166565161 -26.5
-219.5 -26.009740114212
-219.5 -25.0096466839314
-219.5 -24.0095528256213
-219.5 -23.0094592300784
-219.5 -22.0093658723862
-219.5 -21.0092724222981
-219.5 -20.0091788546078
-219.5 -19.0090853045953
-219.5 -18.0089915820511
-219.5 -17.008898158179
-219.5 -16.0088046274791
-219.5 -15.0087110804498
-219.5 -14.0086173272284
-219.5 -13.008523899069
-219.5 -12.0084302894587
-219.5 -11.008336679186
-219.5 -10.0082432470743
-219.5 -9.00814954400698
-219.5 -8.008055874813
-219.5 -7.00796236577819
-219.5 -6.00786875049692
-219.5 -5.00777544745969
-219.5 -4.00768180462622
-219.5 -3.00758816133839
-219.5 -2.00749477465972
-219.5 -1.0074011495867
-219.5 -0.00730751258221169
-219.5 0.992786113866303
-219.5 1.99287958461213
-219.5 2.99297314016527
-219.5 3.99306671613491
-219.5 4.99316036445244
-219.5 5.99325377866712
-219.5 6.99334741657541
-219.5 7.99344083178491
-219.5 8.99353447457775
-219.5 9.99362793940382
-219.5 10.9937215865671
-219.5 11.9938152085405
-219.5 12.993908701415
-219.5 13.9940023540906
-219.5 14.9940958288671
-219.5 15.9941894862589
-219.5 16.9942829434277
-219.5 17.994376609782
-219.5 18.9944700498037
-219.5 19.9945636697296
-219.5 20.9946570717056
-219.5 21.994750814741
-219.5 22.9948440733102
-219.5 23.9949376833088
-219.5 24.9950312361809
-219.5 25.9951250013442
-219.5 26.9952183042417
-219.5 27.9953120033718
-219.5 28.9954055546685
-219.5 29.9954992070898
-219.5 30.9955927351678
-219.5 31.9956863875395
-219.5 32.9957799232825
-219.5 33.9958733078473
-219.5 34.9959667982542
-219.5 35.9960604297154
-219.5 36.9961541693977
-219.5 37.9962476273853
-219.5 38.9963410790392
-219.5 39.9964348379151
-219.5 40.9965282406984
-219.5 41.9966217516258
-219.5 42.9967152640021
-219.5 43.9968090539918
-219.5 44.9969025923913
-219.5 45.9969959912485
-219.5 46.9970896280811
-219.5 47.9971832502514
-219.5 48.997276858761
-219.5 49.9973702162396
-219.5 50.9974638688421
-219.5 51.9975574047079
-219.5 52.9976509036038
-219.5 53.9977442862598
-219.5 54.9978380358913
-219.5 55.9979314531309
-219.5 56.9980251799374
-219.5 57.9981188464239
-219.5 58.99821224839
-219.5 59.9983059233082
-219.5 60.9983994425774
-219.5 61.9984930267166
-219.5 62.9985864972237
-219.5 63.9986800005165
-219.5 64.9987736006758
-219.5 65.998867298275
-219.5 66.9989607363211
-219.5 67.9990542610729
-219.5 68.9991478812011
-219.5 69.9992414284722
-219.5 70.9993350577073
-219.5 71.9994285294005
-219.5 72.9995221054114
-219.5 73.9996155383569
-219.5 74.9997092693527
-219.5 75.999802722164
-219.5 76.999896353798
