-3.95	47.95
-3.95	46.25
-2.8970935	46.25
-2.664543	46.291963
-2.336054	46.351238
-2.25	46.366766
-2.25	47.95
-2.25	49.65
-3.95	49.65
-5.65	49.65
-5.65	47.95
-5.65	46.25
-5.65	45.36729
-5.767709	45.279859
-6.035676	45.080821
-6.303622	44.881798
-6.571576	44.68277
-6.839529	44.483742
-7.107485	44.284712
-7.35	44.104578
-7.35	44.55
-7.35	46.25
-7.35	47.95
-7.35	49.65
-9.05	49.65
-9.05	47.95
-9.05	46.25
-9.05	44.55
-9.05	42.85
-9.05	41.214337
-9.189642	40.939627
-9.290279	40.628308
-9.310632	40.295144
-9.330984	39.961982
-9.351336	39.628827
-9.37169	39.295647
-9.392042	38.962493
-9.412394	38.629329
-9.432746	38.296171
-9.453099	37.963003
-9.473452	37.62983
-9.493805	37.296669
-9.5	36.963085
-9.5	36.629291
-9.5	36.295506
-9.5	35.961719
-9.5	35.627928
-9.5	35.294149
-9.5	34.960367
-9.5	34.626588
-9.5	34.292801
-9.5	33.959008
-9.5	33.625229
-9.5	33.291444
-9.5	32.957653
-9.5	32.623875
-9.5	32.29009
-9.5	31.956291
-9.5	31.622509
-9.5	31.288735
-9.5	30.954941
-9.5	30.621164
-9.5	30.287382
-9.5	29.953599
-9.5	29.619811
-9.5	29.286023
-9.5	28.952235
-9.5	28.618446
-9.5	28.284663
-9.5	27.950881
-9.5	27.617103
-9.5	27.283313
-9.5	26.949525
-9.5	26.615747
-9.5	26.281957
-9.514767	25.949013
-9.552402	25.617352
-9.590036	25.2857
-9.627672	24.95403
-9.665305	24.62238
-9.702941	24.290716
-9.740573	23.959074
-9.778208	23.627416
-9.815843	23.295761
-9.853478	22.964092
-9.891112	22.632446
-9.928747	22.300786
-10.096944	22.014515
-10.273164	21.731041
-10.449385	21.447566
-10.625608	21.164088
-10.75	20.963987
-10.75	22.45
-10.75	24.15
-10.75	25.85
-10.75	27.55
-10.75	29.25
-10.75	30.95
-10.75	32.65
-10.75	34.35
-10.75	36.05
-10.75	37.75
-10.75	39.45
-10.75	41.15
-10.75	42.85
-10.75	44.55
-10.75	46.25
-10.75	47.95
-10.75	49.65
-12.45	49.65
-12.45	47.95
-12.45	46.25
-12.45	44.55
-12.45	42.85
-12.45	41.15
-12.45	39.45
-12.45	37.75
-12.45	36.05
-12.45	34.35
-12.45	32.65
-12.45	30.95
-12.45	29.25
-12.45	27.55
-12.45	25.85
-12.45	24.15
-12.45	22.45
-12.45	20.75
-12.45	19.05
-12.45	18.68639
-12.631848	18.574132
-12.915878	18.398796
-13.199909	18.223459
-13.483935	18.048125
-13.767958	17.872793
-14.051982	17.697461
-14.15	17.636953
-14.15	19.05
-14.15	20.75
-14.15	22.45
-14.15	24.15
-14.15	25.85
-14.15	27.55
-14.15	29.25
-14.15	30.95
-14.15	32.65
-14.15	34.35
-14.15	36.05
-14.15	37.75
-14.15	39.45
-14.15	41.15
-14.15	42.85
-14.15	44.55
-14.15	46.25
-14.15	47.95
-14.15	49.65
-15.85	49.65
-15.85	47.95
-15.85	46.25
-15.85	44.55
-15.85	42.85
-15.85	41.15
-15.85	39.45
-15.85	37.75
-15.85	36.05
-15.85	34.35
-15.85	32.65
-15.85	30.95
-15.85	29.25
-15.85	27.55
-15.85	25.85
-15.85	24.15
-15.85	22.45
-15.85	20.75
-15.85	19.05
-15.85	17.35
-15.85	16.861857
-16.163171	16.82701
-16.494912	16.790097
-16.826649	16.753185
-17.158392	16.716272
-17.490119	16.67936
-17.55	16.672697
-17.55	17.35
-17.55	19.05
-17.55	20.75
-17.55	22.45
-17.55	24.15
-17.55	25.85
-17.55	27.55
-17.55	29.25
-17.55	30.95
-17.55	32.65
-17.55	34.35
-17.55	36.05
-17.55	37.75
-17.55	39.45
-17.55	41.15
-17.55	42.85
-17.55	44.55
-17.55	46.25
-17.55	47.95
-17.55	49.65
-19.25	49.65
-19.25	47.95
-19.25	46.25
-19.25	44.55
-19.25	42.85
-19.25	41.15
-19.25	39.45
-19.25	37.75
-19.25	36.05
-19.25	34.35
-19.25	32.65
-19.25	30.95
-19.25	29.25
-19.25	27.55
-19.25	25.85
-19.25	24.15
-19.25	22.45
-19.25	20.75
-19.25	19.05
-19.25	17.35
-19.25	16.5
-19.482892	16.5
-19.816681	16.5
-20.150463	16.5
-20.484249	16.5
-20.818037	16.5
-20.95	16.5
-20.95	17.35
-20.95	19.05
-20.95	20.75
-20.95	22.45
-20.95	24.15
-20.95	25.85
-20.95	27.55
-20.95	29.25
-20.95	30.95
-20.95	32.65
-20.95	34.35
-20.95	36.05
-20.95	37.75
-20.95	39.45
-20.95	41.15
-20.95	42.85
-20.95	44.55
-20.95	46.25
-20.95	47.95
-20.95	49.65
-22.65	49.65
-22.65	47.95
-22.65	46.25
-22.65	44.55
-22.65	42.85
-22.65	41.15
-22.65	39.45
-22.65	37.75
-22.65	36.05
-22.65	34.35
-22.65	32.65
-22.65	30.95
-22.65	29.25
-22.65	27.55
-22.65	25.85
-22.65	24.15
-22.65	22.45
-22.65	20.75
-22.65	19.05
-22.65	17.35
-22.65	16.5
-22.820743	16.5
-23.154515	16.5
-23.488312	16.5
-23.822091	16.5
-24.155876	16.5
-24.35	16.5
-24.35	17.35
-24.35	19.05
-24.35	20.75
-24.35	22.45
-24.35	24.15
-24.35	25.85
-24.35	27.55
-24.35	29.25
-24.35	30.95
-24.35	32.65
-24.35	34.35
-24.35	36.05
-24.35	37.75
-24.35	39.45
-24.35	41.15
-24.35	42.85
-24.35	44.55
-24.35	46.25
-24.35	47.95
-24.35	49.65
-26.05	49.65
-26.05	47.95
-26.05	46.25
-26.05	44.55
-26.05	42.85
-26.05	41.15
-26.05	39.45
-26.05	37.75
-26.05	36.05
-26.05	34.35
-26.05	32.65
-26.05	30.95
-26.05	29.25
-26.05	27.55
-26.05	25.85
-26.05	24.15
-26.05	22.45
-26.05	20.75
-26.05	19.05
-26.05	17.35
-26.05	16.5
-26.158585	16.5
-26.492372	16.5
-26.826158	16.5
-27.159937	16.5
-27.49373	16.5
-27.75	16.5
-27.75	17.35
-27.75	19.05
-27.75	20.75
-27.75	22.45
-27.75	24.15
-27.75	25.85
-27.75	27.55
-27.75	29.25
-27.75	30.95
-27.75	32.65
-27.75	34.35
-27.75	36.05
-27.75	37.75
-27.75	39.45
-27.75	41.15
-27.75	42.85
-27.75	44.55
-27.75	46.25
-27.75	47.95
-27.75	49.65
-29.45	49.65
-29.45	47.95
-29.45	46.25
-29.45	44.55
-29.45	42.85
-29.45	41.15
-29.45	39.45
-29.45	37.75
-29.45	36.05
-29.45	34.35
-29.45	32.65
-29.45	30.95
-29.45	29.25
-29.45	27.55
-29.45	25.85
-29.45	24.15
-29.45	22.45
-29.45	20.75
-29.45	19.05
-29.45	17.35
-29.45	16.5
-29.496435	16.5
-29.83022	16.5
-30.164012	16.5
-30.497306	16.515405
-30.830443	16.536327
-31.15	16.556396
-31.15	17.35
-31.15	19.05
-31.15	20.75
-31.15	22.45
-31.15	24.15
-31.15	25.85
-31.15	27.55
-31.15	29.25
-31.15	30.95
-31.15	32.65
-31.15	34.35
-31.15	36.05
-31.15	37.75
-31.15	39.45
-31.15	41.15
-31.15	42.85
-31.15	44.55
-31.15	46.25
-31.15	47.95
-31.15	49.65
-32.85	49.65
-32.85	47.95
-32.85	46.25
-32.85	44.55
-32.85	42.85
-32.85	41.15
-32.85	39.45
-32.85	37.75
-32.85	36.05
-32.85	34.35
-32.85	32.65
-32.85	30.95
-32.85	29.25
-32.85	27.55
-32.85	25.85
-32.85	24.15
-32.85	22.45
-32.85	20.75
-32.85	19.05
-32.85	17.35
-32.85	16.663163
-33.16234	16.682779
-33.49547	16.703701
-33.8286	16.724622
-34.145074	16.786181
-34.446936	16.94086
-34.55	16.993672
-34.55	17.35
-34.55	19.05
-34.55	20.75
-34.55	22.45
-34.55	24.15
-34.55	25.85
-34.55	27.55
-34.55	29.25
-34.55	30.95
-34.55	32.65
-34.55	34.35
-34.55	36.05
-34.55	37.75
-34.55	39.45
-34.55	41.15
-34.55	42.85
-34.55	44.55
-34.55	46.25
-34.55	47.95
-34.55	49.65
-36.25	49.65
-36.25	47.95
-36.25	46.25
-36.25	44.55
-36.25	42.85
-36.25	41.15
-36.25	39.45
-36.25	37.75
-36.25	36.05
-36.25	34.35
-36.25	32.65
-36.25	30.95
-36.25	29.25
-36.25	27.55
-36.25	25.85
-36.25	24.15
-36.25	22.45
-36.25	20.75
-36.25	19.05
-36.25	17.864781
-36.526331	18.006378
-36.82339	18.158596
-37.120445	18.310812
-37.305782	18.405782
-37.795331	18.895331
-37.845338	18.963125
-37.95	19.105013
-37.95	20.75
-39.1634	20.75
-39.232308	20.843417
-39.43045	21.112035
-39.628585	21.380644
-39.831277	21.65543
-39.888237	21.976543
-39.946533	22.305191
-39.97222	22.45
-39.65	22.45
-37.95	22.45
-37.95	24.15
-39.65	24.15
-40.273768	24.15
-40.296317	24.27712
-40.354615	24.605775
-40.412913	24.934434
-40.471209	25.263083
-40.5	25.594332
-40.5	25.85
-39.65	25.85
-37.95	25.85
-37.95	27.55
-39.65	27.55
-40.5	27.55
-40.5	27.597052
-40.5	27.930835
-40.5	28.264613
-40.5	28.5984
-40.5	28.93219
-40.5	29.25
-39.65	29.25
-37.95	29.25
-37.95	30.95
-39.65	30.95
-40.5	30.95
-40.5	31.268678
-40.5	31.602462
-40.5	31.936253
-40.5	32.270038
-40.5	32.603824
-40.5	32.65
-39.65	32.65
-37.95	32.65
-37.95	34.35
-39.65	34.35
-40.5	34.35
-40.5	34.60653
-40.5	34.940321
-40.5	35.274106
-40.5	35.607884
-40.5	35.941673
-40.5	36.05
-39.65	36.05
-37.95	36.05
-37.95	37.75
-39.65	37.75
-40.5	37.75
-40.5	37.944377
-40.5	38.278167
-40.5	38.611952
-40.5	38.945739
-40.5	39.279525
-40.5	39.45
-39.65	39.45
-37.95	39.45
-37.95	41.15
-39.65	41.15
-40.5	41.15
-40.5	41.282234
-40.5	41.616014
-40.5	41.949804
-40.5	42.283587
-40.5	42.617381
-40.5	42.85
-39.65	42.85
-37.95	42.85
-37.95	44.55
-39.65	44.55
-40.5	44.55
-40.5	44.620086
-40.5	44.953873
-40.5	45.287656
-40.5	45.621441
-40.5	45.955232
-40.5	46.25
-39.65	46.25
-39.65	47.95
-37.95	46.25
-37.95	47.95
-37.95	49.65
-39.65	49.65
-40.5	49.65
-40.5	49.96065
-40.5	50.294434
-40.5	50.628209
-40.5	50.962
-40.5	51.295779
-40.5	51.35
-39.65	51.35
-39.65	53.05
-37.95	53.05
-37.95	51.35
-36.25	51.35
-36.25	53.05
-34.55	53.05
-34.55	51.35
-32.85	51.35
-32.85	53.05
-31.15	53.05
-31.15	51.35
-29.45	51.35
-29.45	53.05
-27.75	53.05
-27.75	51.35
-26.05	51.35
-26.05	53.05
-24.35	53.05
-24.35	51.35
-22.65	51.35
-22.65	53.05
-20.95	53.05
-20.95	51.35
-19.25	51.35
-19.25	53.05
-17.55	53.05
-17.55	51.35
-15.85	51.35
-15.85	53.05
-14.15	53.05
-14.15	51.35
-12.45	51.35
-12.45	53.05
-10.75	53.05
-10.75	51.35
-9.05	51.35
-9.05	53.05
-7.35	53.05
-5.65	53.05
-7.35	51.35
-5.65	51.35
-3.95	51.35
-3.95	53.05
-2.25	53.05
-2.25	51.35
-0.55	51.35
-0.55	53.05
1.15	53.05
1.15	51.35
1.15	49.65
-0.55	49.65
-0.55	47.95
1.15	47.95
2.85	47.95
2.85	49.65
4.55	49.65
4.55	47.95
6.25	47.95
7.95	47.95
7.95	49.65
6.25	49.65
6.25	51.35
7.95	51.35
7.95	53.05
6.25	53.05
4.55	53.05
4.55	51.35
2.85	51.35
2.85	53.05
2.85	54.75
2.85	56.45
4.55	56.45
4.55	54.75
6.25	54.75
7.95	54.75
7.95	56.45
6.25	56.45
6.25	58.15
7.95	58.15
7.95	59.85
6.25	59.85
4.55	59.85
4.55	58.15
2.85	58.15
2.85	59.85
1.15	59.85
-0.55	59.85
-0.55	58.15
1.15	58.15
1.15	56.45
1.15	54.75
-0.55	54.75
-0.55	56.45
-2.25	56.45
-2.25	54.75
-3.95	54.75
-5.65	54.75
-7.35	54.75
-9.05	54.75
-10.75	54.75
-12.45	54.75
-14.15	54.75
-15.85	54.75
-17.55	54.75
-19.25	54.75
-20.95	54.75
-22.65	54.75
-24.35	54.75
-26.05	54.75
-27.75	54.75
-29.45	54.75
-31.15	54.75
-32.85	54.75
-34.55	54.75
-36.25	54.75
-37.95	54.75
-39.65	54.75
-40.5	54.75
-40.5	54.967418
-40.5	55.301206
-40.5	55.634992
-40.5	55.96877
-40.5	56.302555
-40.5	56.45
-39.65	56.45
-39.65	58.15
-37.95	58.15
-37.95	56.45
-36.25	56.45
-36.25	58.15
-34.55	58.15
-34.55	56.45
-32.85	56.45
-32.85	58.15
-31.15	58.15
-31.15	56.45
-29.45	56.45
-29.45	58.15
-27.75	58.15
-27.75	56.45
-26.05	56.45
-26.05	58.15
-24.35	58.15
-24.35	56.45
-22.65	56.45
-22.65	58.15
-20.95	58.15
-20.95	56.45
-19.25	56.45
-19.25	58.15
-17.55	58.15
-17.55	56.45
-15.85	56.45
-15.85	58.15
-14.15	58.15
-14.15	56.45
-12.45	56.45
-12.45	58.15
-10.75	58.15
-10.75	56.45
-9.05	56.45
-9.05	58.15
-5.65	58.15
-7.35	58.15
-7.35	56.45
-5.65	56.45
-3.95	56.45
-3.95	58.15
-2.25	58.15
-2.25	59.85
-3.95	59.85
-5.65	59.85
-7.35	59.85
-9.05	59.85
-10.75	59.85
-12.45	59.85
-14.15	59.85
-15.85	59.85
-17.55	59.85
-19.25	59.85
-20.95	59.85
-22.65	59.85
-24.35	59.85
-26.05	59.85
-27.75	59.85
-29.45	59.85
-31.15	59.85
-32.85	59.85
-34.55	59.85
-36.25	59.85
-37.95	59.85
-39.65	59.85
-40.5	59.85
-40.5	59.974191
-40.5	60.307981
-40.5	60.641764
-40.5	60.975548
-40.5	61.309334
-40.5	61.55
-39.65	61.55
-39.65	63.25
-39.65	64.95
-39.65	66.65
-39.65	68.35
-39.65	70.05
-39.65	71.75
-39.65	73.45
-39.65	75.15
-39.65	76.85
-39.65	78.55
-39.65	80.25
-39.65	81.95
-39.65	82.253956
-39.528563	82.487067
-39.374352	82.783091
-39.220143	83.079113
-39.065931	83.375138
-38.911719	83.671166
-38.757505	83.967195
-38.603295	84.263218
-38.45046	84.556602
-38.178088	84.75465
-37.95	84.920499
-37.95	83.65
-37.95	81.95
-37.95	80.25
-37.95	78.55
-37.95	76.85
-37.95	75.15
-37.95	73.45
-37.95	71.75
-37.95	70.05
-37.95	68.35
-37.95	66.65
-37.95	64.95
-37.95	63.25
-37.95	61.55
-36.25	61.55
-36.25	63.25
-36.25	64.95
-36.25	66.65
-36.25	68.35
-36.25	70.05
-36.25	71.75
-36.25	73.45
-36.25	75.15
-36.25	76.85
-36.25	78.55
-36.25	80.25
-36.25	81.95
-36.25	83.65
-36.25	85.35
-36.25	86.156613
-36.018389	86.325024
-35.74842	86.521325
-35.478461	86.717619
-35.190438	86.871111
-34.861446	86.927489
-34.55	86.98086
-34.55	85.35
-34.55	83.65
-34.55	81.95
-34.55	80.25
-34.55	78.55
-34.55	76.85
-34.55	75.15
-34.55	73.45
-34.55	71.75
-34.55	70.05
-34.55	68.35
-34.55	66.65
-34.55	64.95
-34.55	63.25
-34.55	61.55
-32.85	61.55
-32.85	63.25
-32.85	64.95
-32.85	66.65
-32.85	68.35
-32.85	70.05
-32.85	71.75
-32.85	73.45
-32.85	75.15
-32.85	76.85
-32.85	78.55
-32.85	80.25
-32.85	81.95
-32.85	83.65
-32.85	85.35
-32.85	87.05
-32.85	87.272181
-32.558521	87.322131
-32.229533	87.378508
-31.900542	87.434886
-31.562492	87.492816
-31.238516	87.5
-31.15	87.5
-31.15	87.05
-31.15	85.35
-31.15	83.65
-31.15	81.95
-31.15	80.25
-31.15	78.55
-31.15	76.85
-31.15	75.15
-31.15	73.45
-31.15	71.75
-31.15	70.05
-31.15	68.35
-31.15	66.65
-31.15	64.95
-31.15	63.25
-31.15	61.55
-29.45	61.55
-29.45	63.25
-29.45	64.95
-29.45	66.65
-29.45	68.35
-29.45	70.05
-29.45	71.75
-29.45	73.45
-29.45	75.15
-29.45	76.85
-29.45	78.55
-29.45	80.25
-29.45	81.95
-29.45	83.65
-29.45	85.35
-29.45	87.05
-29.45	87.5
-29.235807	87.5
-28.902014	87.5
-28.568237	87.5
-28.23445	87.5
-27.900665	87.5
-27.75	87.5
-27.75	87.05
-27.75	85.35
-27.75	83.65
-27.75	81.95
-27.75	80.25
-27.75	78.55
-27.75	76.85
-27.75	75.15
-27.75	73.45
-27.75	71.75
-27.75	70.05
-27.75	68.35
-27.75	66.65
-27.75	64.95
-27.75	63.25
-27.75	61.55
-26.05	61.55
-26.05	63.25
-26.05	64.95
-26.05	66.65
-26.05	68.35
-26.05	70.05
-26.05	71.75
-26.05	73.45
-26.05	75.15
-26.05	76.85
-26.05	78.55
-26.05	80.25
-26.05	81.95
-26.05	83.65
-26.05	85.35
-26.05	87.05
-26.05	87.5
-25.897949	87.5
-25.564166	87.5
-25.230384	87.5
-24.896599	87.5
-24.562815	87.5
-24.35	87.5
-24.35	87.05
-22.65	87.05
-20.95	87.05
-19.25	87.05
-17.55	87.05
-15.85	87.05
-14.15	87.05
-12.45	87.05
-10.75	87.05
-9.05	87.05
-9.05	85.35
-10.75	85.35
-12.45	85.35
-14.15	85.35
-15.85	85.35
-17.55	85.35
-19.25	85.35
-20.95	85.35
-22.65	85.35
-24.35	85.35
-24.35	83.65
-22.65	83.65
-20.95	83.65
-19.25	83.65
-17.55	83.65
-15.85	83.65
-14.15	83.65
-12.45	83.65
-10.75	83.65
-9.05	83.65
-9.05	81.95
-10.75	81.95
-12.45	81.95
-14.15	81.95
-15.85	81.95
-17.55	81.95
-19.25	81.95
-20.95	81.95
-22.65	81.95
-24.35	81.95
-24.35	80.25
-22.65	80.25
-20.95	80.25
-19.25	80.25
-17.55	80.25
-15.85	80.25
-14.15	80.25
-12.45	80.25
-10.75	80.25
-9.05	80.25
-9.05	78.55
-10.75	78.55
-12.45	78.55
-14.15	78.55
-15.85	78.55
-17.55	78.55
-19.25	78.55
-20.95	78.55
-22.65	78.55
-24.35	78.55
-24.35	76.85
-22.65	76.85
-20.95	76.85
-19.25	76.85
-17.55	76.85
-15.85	76.85
-14.15	76.85
-12.45	76.85
-10.75	76.85
-9.05	76.85
-9.05	75.15
-10.75	75.15
-12.45	75.15
-12.624609	75.15
-12.640824	75.158279
-13.543036	75.612758
-14.521121	75.766914
-15.514743	75.923519
-16.504873	75.920544
-17.507366	75.762847
-18.48341	75.604835
-19.375313	75.15
-20.95	75.15
-20.95	74.193969
-21.066639	74.108308
-21.781449	73.393993
-22.47957	72.688101
-22.65	72.354501
-22.65	73.45
-22.65	75.15
-24.35	75.15
-24.35	73.45
-24.35	71.75
-24.35	70.05
-24.35	68.35
-24.35	66.65
-24.35	64.95
-23.315865	64.95
-22.918156	64.169186
-22.454656	63.28139
-22.42332	63.25
-22.65	63.25
-24.35	63.25
-24.35	61.55
-22.65	61.55
-20.95	61.55
-20.599639	61.55
-20.232797	61.288135
-19.341824	60.832711
-18.444891	60.38603
-17.456429	60.22996
-16.466512	60.073659
-15.475257	60.082483
-14.477659	60.239258
-13.498937	60.40485
-12.60785	60.85853
-11.715023	61.313095
-11.397536	61.55
-10.75	61.55
-10.75	62.07588
-10.204747	62.61992
-9.5902491	63.25
-9.05	63.25
-9.05	61.55
-7.35	61.55
-7.35	63.25
-5.65	63.25
-5.65	61.55
-3.95	61.55
-3.95	63.25
-2.25	63.25
-2.25	61.55
-0.55	61.55
1.15	61.55
1.15	63.25
-0.55	63.25
-0.55	64.95
1.15	64.95
1.15	66.65
-0.55	66.65
-2.25	66.65
-2.25	64.95
-3.95	64.95
-5.65	64.95
-7.35	64.95
-8.6835276	64.95
-8.59955	65.114189
-8.179672	66.020881
-8.0452337	66.65
-7.35	66.65
-7.35	68.35
-5.65	68.35
-5.65	66.65
-3.95	66.65
-3.95	68.35
-2.25	68.35
-2.25	70.05
-3.95	70.05
-5.65	70.05
-7.35	70.05
-8.3350379	70.05
-8.618129	70.920923
-9.0411283	71.75
-7.35	71.75
-7.35	73.45
-9.05	73.45
-10.274745	73.45
-10.946906	74.122426
-11.079064	74.217734
-7.35	75.15
-7.35	76.85
-7.35	78.55
-7.35	80.25
-7.35	81.95
-7.35	83.65
-7.35	85.35
-7.35	87.05
-7.35	87.5
-7.205991	87.5
-6.872203	87.5
-6.538419	87.5
-6.204636	87.5
-5.870851	87.5
-5.65	87.5
-5.65	87.05
-5.65	85.35
-5.65	83.65
-5.65	81.95
-5.65	80.25
-5.65	78.55
-5.65	76.85
-5.65	75.15
-5.65	73.45
-5.65	71.75
-3.95	71.75
-3.95	73.45
-3.95	75.15
-3.95	76.85
-3.95	78.55
-3.95	80.25
-3.95	81.95
-3.95	83.65
-3.95	85.35
-3.95	87.05
-3.95	87.5
-3.868138	87.5
-3.534357	87.5
-3.200574	87.5
-2.866782	87.5
-2.533003	87.5
-2.25	87.5
-2.25	87.05
-2.25	85.35
-2.25	83.65
-2.25	81.95
-2.25	80.25
-2.25	78.55
-2.25	76.85
-2.25	75.15
-2.25	73.45
-2.25	71.75
-0.55	71.75
-0.55	73.45
-0.55	75.15
-0.55	76.85
-0.55	78.55
-0.55	80.25
-0.55	81.95
-0.55	83.65
-0.55	85.35
-0.55	87.05
-0.55	87.5
-0.53029	87.5
-0.196503	87.5
0.137278	87.5
0.471064	87.5
0.804849	87.5
1.138632	87.5
1.15	87.5
1.15	87.05
1.15	85.35
1.15	83.65
1.15	81.95
1.15	80.25
1.15	78.55
1.15	76.85
1.15	75.15
1.15	73.45
1.15	71.75
1.15	70.05
-0.55	70.05
-0.55	68.35
1.15	68.35
2.85	68.35
4.55	68.35
4.55	70.05
2.85	70.05
2.85	71.75
2.85	73.45
2.85	75.15
2.85	76.85
2.85	78.55
2.85	80.25
2.85	81.95
2.85	83.65
2.85	85.35
2.85	87.05
2.85	87.5
3.141348	87.5
3.475132	87.5
3.808919	87.5
4.142707	87.5
4.476483	87.5
4.55	87.5
4.55	87.05
4.55	85.35
4.55	83.65
4.55	81.95
4.55	80.25
4.55	78.55
4.55	76.85
4.55	75.15
4.55	73.45
4.55	71.75
6.25	71.75
6.25	73.45
6.25	75.15
6.25	76.85
6.25	78.55
6.25	80.25
6.25	81.95
6.25	83.65
6.25	85.35
6.25	87.05
6.25	87.5
6.479199	87.5
6.812979	87.5
7.146768	87.5
7.480557	87.5
7.814334	87.5
7.95	87.5
7.95	87.05
7.95	85.35
7.95	83.65
7.95	81.95
7.95	80.25
7.95	78.55
7.95	76.85
7.95	75.15
7.95	73.45
7.95	71.75
7.95	70.05
6.25	70.05
6.25	68.35
7.95	68.35
7.95	66.65
7.95	64.95
6.25	64.95
6.25	66.65
4.55	66.65
2.85	66.65
2.85	64.95
4.55	64.95
4.55	63.25
2.85	63.25
2.85	61.55
4.55	61.55
6.25	61.55
6.25	63.25
7.95	63.25
7.95	61.55
9.65	61.55
9.65	63.25
11.35	63.25
11.35	61.55
13.05	61.55
14.75	61.55
14.75	63.25
13.05	63.25
13.05	64.95
14.75	64.95
14.75	66.65
13.05	66.65
11.35	66.65
11.35	64.95
9.65	64.95
9.65	66.65
9.65	68.35
11.35	68.35
11.35	70.05
9.65	70.05
9.65	71.75
9.65	73.45
9.65	75.15
9.65	76.85
9.65	78.55
9.65	80.25
9.65	81.95
9.65	83.65
9.65	85.35
9.65	87.05
9.65	87.5
9.817051	87.5
10.150828	87.5
10.48462	87.5
10.818407	87.5
11.152188	87.5
11.35	87.5
11.35	87.05
11.35	85.35
11.35	83.65
11.35	81.95
11.35	80.25
11.35	78.55
11.35	76.85
11.35	75.15
11.35	73.45
11.35	71.75
13.05	71.75
13.05	73.45
13.05	75.15
13.05	76.85
13.05	78.55
13.05	80.25
13.05	81.95
13.05	83.65
13.05	85.35
13.05	87.05
13.05	87.5
13.154895	87.5
13.48868	87.5
13.822471	87.5
14.156255	87.5
14.490037	87.5
14.75	87.5
14.75	87.05
14.75	85.35
14.75	83.65
14.75	81.95
14.75	80.25
14.75	78.55
14.75	76.85
14.75	75.15
14.75	73.45
14.75	71.75
14.75	70.05
13.05	70.05
13.05	68.35
14.75	68.35
16.45	68.35
18.15	68.35
18.15	70.05
16.45	70.05
16.45	71.75
16.45	73.45
16.45	75.15
16.45	76.85
16.45	78.55
16.45	80.25
16.45	81.95
16.45	83.65
16.45	85.35
16.45	87.05
16.45	87.5
16.492744	87.5
16.826532	87.5
17.160315	87.5
17.494105	87.5
17.827886	87.5
18.15	87.5
18.15	87.05
18.15	85.35
18.15	83.65
18.15	81.95
18.15	80.25
18.15	78.55
18.15	76.85
18.15	75.15
18.15	73.45
18.15	71.75
19.85	71.75
19.85	73.45
19.85	75.15
19.85	76.85
19.85	78.55
19.85	80.25
19.85	81.95
19.85	83.65
19.85	85.35
19.85	87.05
19.85	87.5
20.164383	87.5
20.498166	87.5
20.831952	87.5
21.165738	87.5
21.499522	87.5
21.55	87.5
21.55	87.05
23.25	87.05
24.95	87.05
26.65	87.05
28.35	87.05
30.05	87.05
31.75	87.05
33.45	87.05
35.15	87.05
36.85	87.05
38.55	87.05
40.25	87.05
41.95	87.05
43.65	87.05
45.35	87.05
47.05	87.05
48.75	87.05
50.45	87.05
52.15	87.05
53.656299	87.05
53.83826	87.009497
54.120491	86.831279
54.402717	86.653064
54.684943	86.47485
54.967168	86.296636
55.249398	86.118418
55.531621	85.940206
55.813849	85.76199
56.096074	85.583776
56.378303	85.405559
56.466288	85.35
55.55	85.35
53.85	85.35
52.15	85.35
50.45	85.35
48.75	85.35
47.05	85.35
45.35	85.35
43.65	85.35
41.95	85.35
40.25	85.35
38.55	85.35
36.85	85.35
35.15	85.35
33.45	85.35
31.75	85.35
30.05	85.35
28.35	85.35
26.65	85.35
24.95	85.35
23.25	85.35
21.55	85.35
21.55	83.65
23.25	83.65
24.95	83.65
26.65	83.65
28.35	83.65
30.05	83.65
31.75	83.65
33.45	83.65
35.15	83.65
36.85	83.65
38.55	83.65
40.25	83.65
41.95	83.65
43.65	83.65
45.35	83.65
47.05	83.65
48.75	83.65
50.45	83.65
52.15	83.65
53.85	83.65
55.55	83.65
57.25	83.65
57.872679	83.65
58.032655	83.386704
58.205974	83.101446
58.379294	82.816188
58.552615	82.530928
58.725936	82.245666
58.899256	81.960408
58.90558	81.95
57.25	81.95
55.55	81.95
53.85	81.95
52.15	81.95
50.45	81.95
48.75	81.95
47.05	81.95
45.35	81.95
43.65	81.95
41.95	81.95
40.25	81.95
38.55	81.95
36.85	81.95
35.15	81.95
33.45	81.95
31.75	81.95
30.05	81.95
28.35	81.95
26.65	81.95
24.95	81.95
23.25	81.95
21.55	81.95
21.55	80.25
23.25	80.25
24.95	80.25
26.65	80.25
28.35	80.25
30.05	80.25
31.75	80.25
33.45	80.25
35.15	80.25
36.85	80.25
38.55	80.25
40.25	80.25
41.95	80.25
43.65	80.25
45.35	80.25
47.05	80.25
48.75	80.25
50.45	80.25
52.15	80.25
53.85	80.25
55.55	80.25
57.25	80.25
58.95	80.25
59.24361	80.25
59.267906	80.021888
59.303257	79.68998
59.338608	79.358077
59.373959	79.02617
59.409311	78.694256
59.424676	78.55
58.95	78.55
57.25	78.55
55.55	78.55
53.85	78.55
52.15	78.55
50.45	78.55
48.75	78.55
47.05	78.55
45.35	78.55
43.65	78.55
41.95	78.55
40.25	78.55
38.55	78.55
36.85	78.55
35.15	78.55
33.45	78.55
31.75	78.55
30.05	78.55
28.35	78.55
26.65	78.55
24.95	78.55
23.25	78.55
21.55	78.55
21.55	76.85
23.25	76.85
24.95	76.85
26.65	76.85
28.35	76.85
30.05	76.85
31.75	76.85
33.45	76.85
35.15	76.85
36.85	76.85
38.55	76.85
40.25	76.85
41.95	76.85
43.65	76.85
45.35	76.85
47.05	76.85
48.75	76.85
50.45	76.85
52.15	76.85
53.85	76.85
55.55	76.85
57.25	76.85
58.95	76.85
59.5	76.85
59.5	76.69637
59.5	76.362587
59.5	76.028801
59.5	75.695017
59.5	75.361232
59.5	75.15
58.95	75.15
57.25	75.15
55.55	75.15
53.85	75.15
52.15	75.15
50.45	75.15
48.75	75.15
47.05	75.15
45.35	75.15
43.65	75.15
43.375304	75.15
43.359154	75.158246
42.456964	75.612724
41.478879	75.766894
40.485257	75.923512
39.495091	75.920529
38.492615	75.762814
37.516562	75.604772
36.624806	75.15
35.15	75.15
35.15	74.267334
34.933345	74.108219
34.274698	73.45
33.45	73.45
33.45	75.15
31.75	75.15
30.05	75.15
28.35	75.15
26.65	75.15
24.95	75.15
23.25	75.15
21.55	75.15
21.55	73.45
21.55	71.75
23.25	71.75
23.25	73.45
24.95	73.45
24.95	71.75
26.65	71.75
26.65	73.45
28.35	73.45
28.35	71.75
30.05	71.75
30.05	73.45
31.75	73.45
31.75	71.75
33.041188	71.75
32.609785	70.905589
32.337924	70.05
31.75	70.05
30.05	70.05
28.35	70.05
26.65	70.05
24.95	70.05
23.25	70.05
21.55	70.05
19.85	70.05
19.85	68.35
21.55	68.35
23.25	68.35
24.95	68.35
26.65	68.35
28.35	68.35
30.05	68.35
31.75	68.35
32.059162	68.35
32.003127	67.980117
32.158141	66.99455
32.212333	66.65
31.75	66.65
31.75	64.95
30.05	64.95
30.05	66.65
28.35	66.65
28.35	64.95
26.65	64.95
26.65	66.65
24.95	66.65
24.95	64.95
23.25	64.95
23.25	66.65
21.55	66.65
21.55	64.95
19.85	64.95
19.85	66.65
18.15	66.65
16.45	66.65
16.45	64.95
18.15	64.95
18.15	63.25
16.45	63.25
16.45	61.55
18.15	61.55
19.85	61.55
19.85	63.25
21.55	63.25
23.25	63.25
24.95	63.25
26.65	63.25
28.35	63.25
30.05	63.25
31.75	63.25
33.45	63.25
33.576629	63.25
34.252111	62.573374
34.959891	61.864395
35.254266	61.654266
35.15	61.55
35.15	59.85
33.45	59.85
33.45	61.55
31.75	61.55
31.75	59.85
30.05	59.85
30.05	61.55
28.35	61.55
28.35	59.85
26.65	59.85
26.65	61.55
24.95	61.55
24.95	59.85
23.25	59.85
23.25	61.55
21.55	61.55
21.55	59.85
19.85	59.85
19.85	58.15
21.55	58.15
23.25	58.15
24.95	58.15
26.65	58.15
28.35	58.15
30.05	58.15
31.75	58.15
33.45	58.15
35.15	58.15
36.85	58.15
36.85	59.85
36.85	60.737157
37.555167	60.385991
38.543605	60.229936
38.55	60.228926
38.55	59.85
38.55	58.15
40.25	58.15
40.25	59.85
40.25	60.080036
40.524809	60.082485
41.511469	60.237559
41.95	60.311685
41.95	59.85
41.95	58.15
43.65	58.15
43.65	59.85
43.65	60.989745
44.284989	61.313024
45.080367	61.906532
45.35	62.175577
45.35	61.55
45.35	59.85
45.35	58.15
47.05	58.15
47.05	59.85
47.05	61.55
47.05	63.25
47.05	64.42888
47.400459	65.114075
47.820338	66.02077
48.029525	66.999739
48	68
47.844077	68.989918
47.688515	69.977542
47.381869	70.920923
47.05	71.571372
47.05	71.75
47.05	73.45
48.75	73.45
48.75	71.75
48.75	70.05
48.75	68.35
48.75	66.65
48.75	64.95
48.75	63.25
48.75	61.55
48.75	59.85
48.75	58.15
50.45	58.15
50.45	59.85
50.45	61.55
50.45	63.25
50.45	64.95
50.45	66.65
50.45	68.35
50.45	70.05
50.45	71.75
50.45	73.45
52.15	73.45
52.15	71.75
52.15	70.05
52.15	68.35
52.15	66.65
52.15	64.95
52.15	63.25
52.15	61.55
52.15	59.85
52.15	58.15
53.85	58.15
53.85	59.85
53.85	61.55
53.85	63.25
53.85	64.95
53.85	66.65
53.85	68.35
53.85	70.05
53.85	71.75
53.85	73.45
55.55	73.45
55.55	71.75
55.55	70.05
55.55	68.35
55.55	66.65
55.55	64.95
55.55	63.25
55.55	61.55
55.55	59.85
55.55	58.15
57.25	58.15
57.25	59.85
57.25	61.55
57.25	63.25
57.25	64.95
57.25	66.65
57.25	68.35
57.25	70.05
57.25	71.75
57.25	73.45
58.95	73.45
58.95	71.75
58.95	70.05
58.95	68.35
58.95	66.65
58.95	64.95
58.95	63.25
58.95	61.55
58.95	59.85
58.95	58.15
59.5	58.15
59.5	58.004407
59.5	57.670618
59.5	57.336837
59.5	57.003051
59.5	56.669265
59.5	56.45
58.95	56.45
58.95	54.75
57.25	54.75
57.25	56.45
55.55	56.45
55.55	54.75
53.85	54.75
53.85	56.45
52.15	56.45
52.15	54.75
50.45	54.75
50.45	56.45
48.75	56.45
48.75	54.75
47.05	54.75
47.05	56.45
45.35	56.45
45.35	54.75
43.65	54.75
43.65	56.45
41.95	56.45
41.95	54.75
40.25	54.75
40.25	56.45
38.55	56.45
38.55	54.75
36.85	54.75
36.85	56.45
35.15	56.45
35.15	54.75
33.45	54.75
33.45	56.45
31.75	56.45
31.75	54.75
30.05	54.75
30.05	56.45
28.35	56.45
28.35	54.75
26.65	54.75
26.65	56.45
24.95	56.45
24.95	54.75
23.25	54.75
23.25	56.45
21.55	56.45
21.55	54.75
19.85	54.75
19.85	56.45
18.15	56.45
18.15	54.75
16.45	54.75
16.45	56.45
16.45	58.15
18.15	58.15
18.15	59.85
16.45	59.85
14.75	59.85
14.75	58.15
13.05	58.15
13.05	59.85
11.35	59.85
9.65	59.85
9.65	58.15
11.35	58.15
11.35	56.45
9.65	56.45
9.65	54.75
11.35	54.75
13.05	54.75
13.05	56.45
14.75	56.45
14.75	54.75
14.75	53.05
14.75	51.35
13.05	51.35
13.05	53.05
11.35	53.05
9.65	53.05
9.65	51.35
11.35	51.35
11.35	49.65
9.65	49.65
9.65	47.95
11.35	47.95
13.05	47.95
13.05	49.65
14.75	49.65
14.75	47.95
16.45	47.95
18.15	47.95
18.15	49.65
16.45	49.65
16.45	51.35
16.45	53.05
18.15	53.05
18.15	51.35
19.85	51.35
19.85	53.05
21.55	53.05
23.25	53.05
24.95	53.05
26.65	53.05
28.35	53.05
30.05	53.05
31.75	53.05
33.45	53.05
35.15	53.05
36.85	53.05
38.55	53.05
40.25	53.05
41.95	53.05
43.65	53.05
45.35	53.05
47.05	53.05
48.75	53.05
50.45	53.05
52.15	53.05
53.85	53.05
55.55	53.05
57.25	53.05
58.95	53.05
59.5	53.05
59.5	52.997631
59.5	52.663846
59.5	52.330061
59.5	51.996273
59.5	51.66249
59.5	51.35
58.95	51.35
58.95	49.65
58.95	47.95
58.95	46.25
58.95	44.55
58.95	42.85
58.95	41.15
58.95	39.45
58.95	37.75
58.95	36.05
58.95	34.35
58.95	32.65
58.95	30.95
58.95	29.25
58.95	27.55
58.95	25.85
58.95	24.15
58.95	22.605779
58.839541	22.392969
58.659456	22.11206
58.46615	21.839864
58.272907	21.567758
58.079652	21.295633
57.886363	21.023461
57.693103	20.75133
57.499849	20.479208
57.306582	20.207066
57.25	20.127393
57.25	20.75
57.25	22.45
57.25	24.15
57.25	25.85
57.25	27.55
57.25	29.25
57.25	30.95
57.25	32.65
57.25	34.35
57.25	36.05
57.25	37.75
57.25	39.45
57.25	41.15
57.25	42.85
57.25	44.55
57.25	46.25
57.25	47.95
57.25	49.65
57.25	51.35
55.55	51.35
55.55	49.65
55.55	47.95
55.55	46.25
55.55	44.55
55.55	42.85
55.55	41.15
55.55	39.45
55.55	37.75
55.55	36.05
55.55	34.35
55.55	32.65
55.55	30.95
55.55	29.25
55.55	27.55
55.55	25.85
55.55	24.15
55.55	22.45
55.55	20.75
55.55	19.05
55.55	18.473566
55.420933	18.395622
55.135187	18.223058
54.849496	18.050527
54.56376	17.877968
54.278037	17.705418
53.992297	17.532857
53.85	17.446923
53.85	19.05
53.85	20.75
53.85	22.45
53.85	24.15
53.85	25.85
53.85	27.55
53.85	29.25
53.85	30.95
53.85	32.65
53.85	34.35
53.85	36.05
53.85	37.75
53.85	39.45
53.85	41.15
53.85	42.85
53.85	44.55
53.85	46.25
53.85	47.95
53.85	49.65
53.85	51.35
52.15	51.35
52.15	49.65
52.15	47.95
52.15	46.25
52.15	44.55
52.15	42.85
52.15	41.15
52.15	39.45
52.15	37.75
52.15	36.05
52.15	34.35
52.15	32.65
52.15	30.95
52.15	29.25
52.15	27.55
52.15	25.85
52.15	24.15
52.15	22.45
52.15	20.75
52.15	19.05
52.15	17.35
52.15	16.885025
52.141198	16.883807
51.810549	16.838063
51.479869	16.792316
51.149274	16.74658
50.818646	16.700839
50.487987	16.655095
50.45	16.64984
50.45	17.35
50.45	19.05
50.45	20.75
50.45	22.45
50.45	24.15
50.45	25.85
50.45	27.55
50.45	29.25
50.45	30.95
50.45	32.65
50.45	34.35
50.45	36.05
50.45	37.75
50.45	39.45
50.45	41.15
50.45	42.85
50.45	44.55
50.45	46.25
50.45	47.95
50.45	49.65
50.45	51.35
48.75	51.35
48.75	49.65
48.75	47.95
48.75	46.25
48.75	44.55
48.75	42.85
48.75	41.15
48.75	39.45
48.75	37.75
48.75	36.05
48.75	34.35
48.75	32.65
48.75	30.95
48.75	29.25
48.75	27.55
48.75	25.85
48.75	24.15
48.75	22.45
48.75	20.75
48.75	19.05
48.75	17.35
48.75	16.5
48.495956	16.5
48.162179	16.5
47.828409	16.5
47.494602	16.5
47.1608	16.5
47.05	16.5
47.05	17.35
47.05	19.05
47.05	20.75
47.05	22.45
47.05	24.15
47.05	25.85
47.05	27.55
47.05	29.25
47.05	30.95
47.05	32.65
47.05	34.35
47.05	36.05
47.05	37.75
47.05	39.45
47.05	41.15
47.05	42.85
47.05	44.55
47.05	46.25
47.05	47.95
47.05	49.65
47.05	51.35
45.35	51.35
45.35	49.65
45.35	47.95
45.35	46.25
45.35	44.55
45.35	42.85
45.35	41.15
45.35	39.45
45.35	37.75
45.35	36.05
45.35	34.35
45.35	32.65
45.35	30.95
45.35	29.25
45.35	27.55
45.35	25.85
45.35	24.15
45.35	22.45
45.35	20.75
45.35	19.05
45.35	17.35
45.35	16.5
45.1581	16.5
44.824335	16.5
44.490526	16.5
44.156777	16.5
43.822975	16.5
43.65	16.5
43.65	17.35
43.65	19.05
43.65	20.75
43.65	22.45
43.65	24.15
43.65	25.85
43.65	27.55
43.65	29.25
43.65	30.95
43.65	32.65
43.65	34.35
43.65	36.05
43.65	37.75
43.65	39.45
43.65	41.15
43.65	42.85
43.65	44.55
43.65	46.25
43.65	47.95
43.65	49.65
43.65	51.35
41.95	51.35
41.95	49.65
41.95	47.95
41.95	46.25
41.95	44.55
41.95	42.85
41.95	41.15
41.95	39.45
41.95	37.75
41.95	36.05
41.95	34.35
41.95	32.65
41.95	30.95
41.95	29.25
41.95	27.55
41.95	25.85
41.95	24.15
41.95	22.45
41.95	20.75
41.95	19.05
41.95	17.35
41.95	16.5
41.820286	16.5
41.486474	16.5
41.152703	16.5
40.818916	16.5
40.48515	16.5
40.25	16.5
40.25	17.35
40.25	19.05
40.25	20.75
40.25	22.45
40.25	24.15
40.25	25.85
40.25	27.55
40.25	29.25
40.25	30.95
40.25	32.65
40.25	34.35
40.25	36.05
40.25	37.75
40.25	39.45
40.25	41.15
40.25	42.85
40.25	44.55
40.25	46.25
40.25	47.95
40.25	49.65
40.25	51.35
38.55	51.35
38.55	49.65
38.55	47.95
38.55	46.25
38.55	44.55
38.55	42.85
38.55	41.15
38.55	39.45
38.55	37.75
38.55	36.05
38.55	34.35
38.55	32.65
38.55	30.95
38.55	29.25
38.55	27.55
38.55	25.85
38.55	24.15
38.55	22.45
38.55	20.75
38.55	19.05
38.55	17.35
38.55	16.5
38.482408	16.5
38.148918	16.505201
37.816869	16.539401
37.484837	16.573599
37.152804	16.607796
36.85	16.638984
36.85	17.35
36.85	19.05
36.85	20.75
36.85	22.45
36.85	24.15
36.85	25.85
36.85	27.55
36.85	29.25
36.85	30.95
36.85	32.65
36.85	34.35
36.85	36.05
36.85	37.75
36.85	39.45
36.85	41.15
36.85	42.85
36.85	44.55
36.85	46.25
36.85	47.95
36.85	49.65
36.85	51.35
35.15	51.35
35.15	49.65
35.15	47.95
35.15	46.25
35.15	44.55
35.15	42.85
35.15	41.15
35.15	39.45
35.15	37.75
35.15	36.05
35.15	34.35
35.15	32.65
35.15	30.95
35.15	29.25
35.15	27.55
35.15	25.85
35.15	24.15
35.15	22.45
35.15	20.75
35.15	19.05
35.15	17.35
35.15	16.814076
34.828613	16.847178
34.496573	16.881376
34.197722	17.015114
33.911599	17.186954
33.625429	17.358821
33.45	17.464179
33.45	19.05
33.45	20.75
33.45	22.45
33.45	24.15
33.45	25.85
33.45	27.55
33.45	29.25
33.45	30.95
33.45	32.65
33.45	34.35
33.45	36.05
33.45	37.75
33.45	39.45
33.45	41.15
33.45	42.85
33.45	44.55
33.45	46.25
33.45	47.95
33.45	49.65
33.45	51.35
31.75	51.35
31.75	49.65
31.75	47.95
31.75	46.25
31.75	44.55
31.75	42.85
31.75	41.15
31.75	39.45
31.75	37.75
31.75	36.05
31.75	34.35
31.75	32.65
31.75	30.95
31.75	29.25
31.75	27.55
31.75	25.85
31.75	24.15
31.75	22.45
31.75	20.75
31.75	19.05
31.75	18.485161
31.622423	18.561781
31.336278	18.733634
31.055213	18.910705
30.875555	19.192002
30.695897	19.4733
30.516213	19.754637
30.336553	20.035938
30.1569	20.317226
30.05	20.484604
30.05	20.75
30.05	22.45
30.05	24.15
30.05	25.85
30.05	27.55
30.05	29.25
30.05	30.95
30.05	32.65
30.05	34.35
30.05	36.05
30.05	37.75
30.05	39.45
30.05	41.15
30.05	42.85
30.05	44.55
30.05	46.25
30.05	47.95
30.05	49.65
30.05	51.35
28.35	51.35
28.35	49.65
28.35	47.95
28.35	46.25
28.35	44.55
28.35	42.85
28.35	41.15
28.35	39.831896
28.342788	39.963263
28.324493	40.296533
28.306196	40.62981
28.17234	40.932801
28.024735	41.232151
27.877118	41.531527
27.729495	41.830917
27.58188	42.130289
27.434276	42.429639
27.286664	42.729004
27.139047	43.02838
26.991436	43.327744
26.843822	43.627114
26.65	43.850569
26.65	44.55
26.65	46.25
26.65	47.95
26.65	49.65
26.65	51.35
24.95	51.35
24.95	49.65
24.95	47.95
24.95	46.25
24.95	45.152143
24.771721	45.287852
24.506117	45.490034
24.240526	45.692208
23.958745	45.858086
23.630913	45.920866
23.303072	45.983648
23.25	45.993811
23.25	46.25
23.25	47.95
23.25	49.65
23.25	51.35
21.55	51.35
21.55	49.65
19.85	49.65
19.85	47.95
19.85	46.5
20.014222	46.5
20.348003	46.5
20.680444	46.485881
21.008293	46.423098
21.336103	46.360323
21.55	46.319362
21.55	47.95
