21.021936 2.629101
-10.35182 -3.779761
20.410714 -0.3914
1.878717 -1.802418
3.429911 -2.267857
5.291667 -1.271532
5.086122 -0.593331
13.589442 -0.755952
18.142857 -0.117263
3.283376 -0.573709
6.546972 -0.755954
9.827382 -0.139774
2.51596 0
5.03968 0
7.55952 0
4.7877 0
9.5754 0
14.3631 0
5.03968 0
10.07936 0
15.11905 0
1.76388 -0.09784
3.53049 0
5.29166 0.15439
2.77897 0.635055
5.53485 0.755954
8.31548 0.131345
3.02095 -0.167732
6.05227 0
9.07143 0.08502
1.5304 0.503968
3.0238 0.755952
4.53571 0.251984
1.5119 0.481764
3.02768 0.755951
4.53572 0.229847
1.26414 0.657408
2.49867 0.755955
3.77976 0.154609
2.00993 -0.125749
4.03567 0
6.04761 0.126725
2.02761 0.629226
4.02002 0.755951
6.04763 0.125746
2.01194 -0.16741
4.0387 0
6.04761 0.08628
1.03537 0.530572
2.0096 0.755952
3.02381 0.278728
1.25428 0.444325
2.53326 0.755952
3.77976 0.193264
0.77306 0.624953
1.48186 0.755954
2.26786 0.207129
1.24278 -0.305575
2.55746 0
3.77976 0.136657
0.54663 0.619294
0.96528 0.755951
1.51191 0.282917
1.13166 -0.239352
3.33894 0
4.53571 0.156274
0.78137 0.599679
1.48649 0.755952
2.26786 0.05391
0.26954 -0.168431
2.68695 0
3.02381 0.159369
0.31874 0.596585
0.43721 0.755954
0.75595 0.205047
0.4101 -0.206846
2.81697 0
3.02381 0.178179
0.17818 0.503968
0 0.755952
0 0.503968
0 1.007935
0 1.511903
0 1.76389
0 3.52778
0 5.291667
0 18.646825
0 37.293652
0 55.940473
0 11.59127
0 23.18254
0 34.77381
0 4.7877
0 9.5754
0 14.3631
0 1.5119
0 3.02381
0 4.53571
0 0.25199
0 0.50397
0 0.75595
0 0.25199
0 0.54629
0.13978 0.75596
0 1.05469
-0.70313 2.51834
-2.76883 3.02381
-3.77976 0.35636
-0.71272 0.46001
-1.52801 0.75595
-2.26786 1.34795
-3.36988 0.91921
0.24604 2.26786
-6.04762 0.97473
-4.54876 0.75595
-6.83708 0.75595
-11.33928 0
-4.7877 0
-9.5754 0
-14.3631 0
-6.80357 0
-13.60714 0
-20.41071 0
-6.75371 0.30922
-15.10551 -0.75595
-21.92262 -0.75532
-4.83399 -1.93361
-9.59346 -3.02381
-14.36309 0.88104
-6.96645 -4.46029
-13.30542 -6.04762
-19.65477 -0.8643
-3.45719 -0.57426
-7.1453 -1.51191
-10.58333 -0.59302
-2.1744 -2.38786
-3.885389 -3.02381
-6.047619 -0.64385
-2.189094 -0.45438
-4.541774 -0.75595
-6.803573 -0.20258
-1.519314 -0.42345
-3.039454 -0.75595
-4.535712 -0.17286
-0.77787 -0.50397
-1.511906 -0.75595
-2.267857 -0.40979
-1.22935 -0.77037
-2.66745 -1.51191
-3.779764 -0.19767
-0.296508 -0.64326
-0.41788 -0.75595
-0.755951 -0.15937
-0.478108 0.22538
-1.061141 0
-1.511904 -0.11269
-0.225382 -0.57777
0.178179 -0.75595
0 -0.17818
-0.178181 0.17818
-0.577773 0
-0.755954 -0.17818
-0.178178 -0.57778
0.178181 -0.75596
0 -0.17818
-0.178178 0
-0.503968 0
-0.755952 0
-0.251983 0
-0.503967 0
-0.755951 0
-2.771825 0
-5.543651 0
-8.315476 0
-0.251986 0
-0.50397 0
-0.755954 0
-0.251984 0.17818
-0.577773 0
-0.755952 -0.35636
-0.356359 -1.15554
0.35636 -1.5119
0 -0.17818
-0.178181 0
-0.503967 0
-0.755951 0
-0.503971 0.27955
-1.092579 0
-1.511906 -0.31255
-0.468821 -1.04308
-0.443405 -1.51191
-0.755952 -0.88952
-0.593018 -1.43304
-1.600009 -2.26785
-2.267857 -0.70945
-0.567561 -1.55841
-0.944343 -2.26786
-1.511906 -1.11308
-0.890463 -2.01587
-2.015871 -3.02381
-3.023809 -0.25198
-0.251984 -0.50397
-0.503968 -0.75595
-0.755952 -0.25199
-0.251984 -0.41788
-0.643263 -0.75595
-0.755952 -0.47811
-0.159369 -1.06115
0.22538 -1.51191
0 -0.22538
-0.112691 0.22538
-0.643262 0
-0.755954 -0.45076
-0.22538 -1.02298
0.122232 -1.5119
0 -0.54663
-0.136657 -0.9594
-0.645448 -1.51191
-0.755951 -0.74127
-0.148254 -1.51774
0.09377 -2.26786
0 -7.62899
-0.953625 -0.25063
-0.755952 -6.80357
-0.755952 -2.77182
0 -5.54365
0 -8.31547
0 -1.00794
0 -2.02366
0.125018 -3.02381
0 -8.0033
-1.000413 1.89732
-0.755952 -6.04762
-0.755952 -3.52778
0 -7.05556
0 -10.58333
0 -0.878173
0 -3.09446
0.171326 -3.779765
0 -0.546632
-0.13666 -0.965277
-0.619297 -1.511906
-0.755954 -0.488921
-0.122229 -1.007936
0 -1.511906
0 -1.007936
0 -2.035445
0.197673 -3.023809
0 -0.349438
-0.06989 -0.406514
-0.686064 -0.755952
-0.755952 -0.988364
-0.197672 -2.015873
0 -3.023809
0 -0.503968
0 -1.033798
0.15937 -1.511906
0 -0.338071
-0.112691 -0.437213
-0.596582 -0.755951
-0.755951 -0.195453
-0.09773 -3.999894
0 -4.535715
0 -3.527777
0 -7.055554
0 -10.583334
0 -2.267857
0 -4.535712
0 -6.803569
0 -0.395304
0 -2.825039
-0.09939 -3.02381
0 -0.637476
0.318735 -0.874432
1.193165 -1.511905
1.511903 -0.225383
0.112691 -0.530572
-0.112691 -0.755952
0 -0.318738
0.159369 -0.437216
0.596585 -0.755954
0.755954 -0.410094
0.205047 -2.816963
-0.206846 -3.023809
0 -0.35636
0.35636 0.356359
1.155544 0
1.511904 -0.178179
0.178181 -0.516898
-0.07968 -0.755952
0 -0.53454
0.178181 -1.043083
0.443404 -1.511906
0.755951 -1.048316
0.698879 -2.015871
1.511906 -3.023809